1 1
1 -13 0 0 0 0 0.203136 -1.59432 -0.0112567 1.61072 0.105658 35.4066 141.55 0.889118 0.0
2 1
1 -13 0 0 0 0 0.298221 -1.14618 -0.355804 1.24114 0.105658 -15.9746 141.55 90.8073 0.0
3 1
1 -13 0 0 0 0 -2.14479 -9.28636 7.55425 12.162 0.105658 105.682 141.55 89.0959 0.0
4 1
1 -13 0 0 0 0 -0.0220145 -0.0559374 -0.0194655 0.12311 0.105658 82.5655 141.55 55.4602 0.0
5 1
1 -13 0 0 0 0 0.00821803 -0.203629 -0.0429171 0.233534 0.105658 145.534 141.55 118.808 0.0
6 1
1 -13 0 0 0 0 0.574938 -5.22334 -1.29121 5.41223 0.105658 202.375 141.55 -9.93579 0.0
7 1
1 -13 0 0 0 0 0.0921832 -1.25036 -0.0173399 1.25832 0.105658 101.46 141.55 161.238 0.0
8 1
1 -13 0 0 0 0 -0.135599 -0.538464 -0.197593 0.598779 0.105658 90.1204 141.55 50.8371 0.0
9 1
1 -13 0 0 0 0 0.35128 -1.27302 -0.315 1.36175 0.105658 167.312 141.55 213.075 0.0
10 1
1 -13 0 0 0 0 -0.754592 -4.30107 4.60843 6.3496 0.105658 223.859 141.55 -124.166 0.0
11 1
1 -13 0 0 0 0 0.170628 -0.528509 0.569979 0.802792 0.105658 55.6448 141.55 141.347 0.0
12 1
1 -13 0 0 0 0 -1.31339 -12.8158 0.414594 12.8901 0.105658 57.4777 141.55 0.294396 0.0
13 1
1 -13 0 0 0 0 1.46222 -1.83051 0.421854 2.38285 0.105658 -223.743 141.55 53.9401 0.0
14 1
1 -13 0 0 0 0 -19.6883 -8.13749 -7.45368 22.5703 0.105658 570.533 141.55 129.311 0.0
15 1
1 -13 0 0 0 0 0.750494 -2.54676 0.465546 2.69761 0.105658 100.214 141.55 144.958 0.0
16 1
1 -13 0 0 0 0 -0.0119514 -0.04453 -0.00997671 0.11571 0.105658 303.897 141.55 102.137 0.0
17 1
1 -13 0 0 0 0 -0.372819 -0.940919 0.384542 1.08782 0.105658 128.667 141.55 -42.5246 0.0
18 1
1 -13 0 0 0 0 -0.452486 -0.401926 -0.694511 0.927252 0.105658 -1.08213 141.55 158.134 0.0
19 1
1 -13 0 0 0 0 -0.400694 -1.28118 0.792261 1.56231 0.105658 92.4182 141.55 107.063 0.0
20 1
1 -13 0 0 0 0 1.55713 -0.956529 1.58383 2.4206 0.105658 -243.344 141.55 -77.3246 0.0
21 1
1 -13 0 0 0 0 2.2677 -3.41852 -0.79262 4.17949 0.105658 -194.133 141.55 55.9035 0.0
22 1
1 -13 0 0 0 0 0.213694 -4.56142 0.104513 4.56884 0.105658 -6.88968 141.55 28.5168 0.0
23 1
1 -13 0 0 0 0 0.541824 -3.09687 -5.77862 6.57934 0.105658 28.2193 141.55 560.849 0.0
24 1
1 -13 0 0 0 0 0.401541 -1.04 0.157398 1.13083 0.105658 9.64307 141.55 30.5615 0.0
25 1
1 -13 0 0 0 0 -0.129553 -0.43028 0.0549882 0.464879 0.105658 235.533 141.55 150.033 0.0
26 1
1 -13 0 0 0 0 1.22964 -2.99887 -0.125118 3.24532 0.105658 180.662 141.55 94.7034 0.0
27 1
1 -13 0 0 0 0 3.013 -1.26106 1.07171 3.43921 0.105658 -227.133 141.55 -16.0319 0.0
28 1
1 -13 0 0 0 0 0.00661227 -0.636881 -0.00679148 0.645655 0.105658 238.912 141.55 73.7084 0.0
29 1
1 -13 0 0 0 0 -2.82606 -14.1193 6.02029 15.6075 0.105658 232.144 141.55 -49.5759 0.0
30 1
1 -13 0 0 0 0 -0.0449983 -0.135467 0.0889666 0.198632 0.105658 110.836 141.55 -88.6485 0.0
31 1
1 -13 0 0 0 0 0.0259787 -0.438888 0.0664145 0.457025 0.105658 4.52898 141.55 111.897 0.0
32 1
1 -13 0 0 0 0 0.207162 -0.752669 0.0614768 0.79017 0.105658 97.0463 141.55 80.861 0.0
33 1
1 -13 0 0 0 0 -1.80923 -2.3985 -5.40963 6.18881 0.105658 306.172 141.55 613.304 0.0
34 1
1 -13 0 0 0 0 0.0996957 -7.38533 -0.288042 7.39237 0.105658 107.969 141.55 6.01013 0.0
35 1
1 -13 0 0 0 0 -0.0245357 -2.66721 -0.0721863 2.67039 0.105658 125.373 141.55 19.0391 0.0
36 1
1 -13 0 0 0 0 -0.0272216 -2.65179 0.107791 2.65622 0.105658 202.279 141.55 145.206 0.0
37 1
1 -13 0 0 0 0 -0.946227 -1.37679 1.12946 2.01934 0.105658 100.452 141.55 -11.1996 0.0
38 1
1 -13 0 0 0 0 -0.00923834 -0.671359 -0.00860228 0.67974 0.105658 205.915 141.55 124.307 0.0
39 1
1 -13 0 0 0 0 0.00344403 -0.163114 -0.00025406 0.194375 0.105658 72.2819 141.55 103.852 0.0
40 1
1 -13 0 0 0 0 -0.188426 -0.71067 0.251666 0.784255 0.105658 178.425 141.55 45.0962 0.0
41 1
1 -13 0 0 0 0 -25.0639 -40.7079 -80.4894 93.6156 0.105658 299.873 141.55 452.869 0.0
42 1
1 -13 0 0 0 0 1.25055 -5.62364 3.61776 6.80357 0.105658 39.2857 141.55 49.8455 0.0
43 1
1 -13 0 0 0 0 -0.186619 -0.235622 -0.1592 0.356164 0.105658 -11.9252 141.55 49.0426 0.0
44 1
1 -13 0 0 0 0 0.774348 -4.82295 -0.737417 4.94119 0.105658 133.145 141.55 182.231 0.0
45 1
1 -13 0 0 0 0 8.97678 -10.7767 -0.880076 14.0537 0.105658 49.1303 141.55 45.141 0.0
46 1
1 -13 0 0 0 0 -1.62625 -5.5306 4.36825 7.2336 0.105658 118.231 141.55 -182.206 0.0
47 1
1 -13 0 0 0 0 0.779272 -47.7961 -0.40861 47.8043 0.105658 184.545 141.55 26.1991 0.0
48 1
1 -13 0 0 0 0 0.00193458 -0.0125245 0.00549493 0.106557 0.105658 30.6833 141.55 8.1209 0.0
49 1
1 -13 0 0 0 0 -0.948516 -9.55914 1.37681 9.70482 0.105658 202.209 141.55 -8.65975 0.0
50 1
1 -13 0 0 0 0 -20.5693 -19.7194 -17.4406 33.4086 0.105658 303.613 141.55 358.487 0.0
51 1
1 -13 0 0 0 0 4.52732 -4.97679 -2.41182 7.14795 0.105658 -193.856 141.55 73.4775 0.0
52 1
1 -13 0 0 0 0 1.64034 -1.46186 -2.12145 3.05606 0.105658 -83.1755 141.55 317.085 0.0
53 1
1 -13 0 0 0 0 20.3317 -11.9191 -6.87112 24.5492 0.105658 -363.624 141.55 256.763 0.0
54 1
1 -13 0 0 0 0 0.0473361 -0.749916 0.431567 0.872942 0.105658 183.225 141.55 106.291 0.0
55 1
1 -13 0 0 0 0 -0.0666771 -0.26923 0.0961792 0.312001 0.105658 32.2658 141.55 -82.8375 0.0
56 1
1 -13 0 0 0 0 0.64779 -2.08485 -0.574007 2.25984 0.105658 218.399 141.55 164.15 0.0
57 1
1 -13 0 0 0 0 0.376402 -0.946751 -0.313056 1.07107 0.105658 36.6242 141.55 200.658 0.0
58 1
1 -13 0 0 0 0 -4.22759 -6.55303 -4.51944 9.01394 0.105658 74.2729 141.55 92.785 0.0
59 1
1 -13 0 0 0 0 2.31273 -16.2251 -5.51714 17.2931 0.105658 -46.8701 141.55 -10.6079 0.0
60 1
1 -13 0 0 0 0 0.553227 -7.02763 -5.44673 8.90908 0.105658 47.216 141.55 65.9059 0.0
61 1
1 -13 0 0 0 0 -0.0213289 -0.139725 0.022102 0.177849 0.105658 118.717 141.55 97.5101 0.0
62 1
1 -13 0 0 0 0 0.188959 -1.62198 -0.340019 1.67132 0.105658 124.733 141.55 92.9266 0.0
63 1
1 -13 0 0 0 0 0.833174 -1.3865 -0.386247 1.66641 0.105658 75.8058 141.55 61.8943 0.0
64 1
1 -13 0 0 0 0 10.2085 -5.00938 7.46265 13.6019 0.105658 -325.339 141.55 -315.647 0.0
65 1
1 -13 0 0 0 0 -0.0219899 -4.09721 0.000727572 4.09863 0.105658 65.6045 141.55 18.0307 0.0
66 1
1 -13 0 0 0 0 -0.329816 -2.64298 2.63722 3.74969 0.105658 21.65 141.55 74.6838 0.0
67 1
1 -13 0 0 0 0 0.512078 -6.50477 6.24696 9.03382 0.105658 -17.1761 141.55 144.576 0.0
68 1
1 -13 0 0 0 0 0.854142 -1.35979 -0.85635 1.82294 0.105658 143.932 141.55 263.451 0.0
69 1
1 -13 0 0 0 0 -0.00668818 -0.0469518 -0.00135555 0.115822 0.105658 129.164 141.55 116.147 0.0
70 1
1 -13 0 0 0 0 3.22535 -4.93961 -2.73889 6.50502 0.105658 35.918 141.55 189.016 0.0
71 1
1 -13 0 0 0 0 0.0188741 -0.291462 0.0486016 0.314375 0.105658 229.291 141.55 -42.467 0.0
72 1
1 -13 0 0 0 0 -0.551792 -0.974003 -0.0363418 1.12501 0.105658 58.9178 141.55 36.7596 0.0
73 1
1 -13 0 0 0 0 0.352826 -0.454403 0.456017 0.741676 0.105658 76.626 141.55 -27.6413 0.0
74 1
1 -13 0 0 0 0 0.0895575 -1.35538 -0.0387707 1.36299 0.105658 122.186 141.55 143.691 0.0
75 1
1 -13 0 0 0 0 -6.19885 -3.6327 -1.16891 7.2801 0.105658 247.435 141.55 50.501 0.0
76 1
1 -13 0 0 0 0 -0.294253 -0.65915 0.681795 0.998534 0.105658 144.72 141.55 -35.4704 0.0
77 1
1 -13 0 0 0 0 -5.15835 -12.3755 -4.68658 14.2034 0.105658 199.773 141.55 47.7348 0.0
78 1
1 -13 0 0 0 0 0.473796 -0.577083 -0.0237837 0.754477 0.105658 -187.05 141.55 152.384 0.0
79 1
1 -13 0 0 0 0 0.0173263 -1.58274 0.0177671 1.58645 0.105658 143.94 141.55 62.1041 0.0
80 1
1 -13 0 0 0 0 0.446777 -1.78275 -0.540542 1.91864 0.105658 150.652 141.55 85.1148 0.0
81 1
1 -13 0 0 0 0 -0.0195071 -0.114195 0.00145444 0.156801 0.105658 123.093 141.55 2.6834 0.0
82 1
1 -13 0 0 0 0 -0.269724 -1.1413 0.185795 1.19206 0.105658 291.803 141.55 51.6875 0.0
83 1
1 -13 0 0 0 0 -0.114529 -1.30239 -0.332615 1.35319 0.105658 261.573 141.55 64.2696 0.0
84 1
1 -13 0 0 0 0 0.00271879 -0.00638429 -0.00106748 0.105891 0.105658 230.787 141.55 59.2064 0.0
85 1
1 -13 0 0 0 0 0.0167896 -4.405 -1.36509 4.61291 0.105658 62.2975 141.55 205.439 0.0
86 1
1 -13 0 0 0 0 -0.0774369 -3.40598 6.65019 7.47281 0.105658 105.729 141.55 -23.5845 0.0
87 1
1 -13 0 0 0 0 -0.0150647 -0.0499806 -0.0484269 0.127412 0.105658 -44.9177 141.55 150.771 0.0
88 1
1 -13 0 0 0 0 2.77317 -11.9316 15.9473 20.1092 0.105658 -58.9617 141.55 -127.152 0.0
89 1
1 -13 0 0 0 0 0.354242 -21.8797 -0.246777 21.8843 0.105658 157.914 141.55 140.713 0.0
90 1
1 -13 0 0 0 0 0.0583413 -0.110311 0.0796789 0.181892 0.105658 189.354 141.55 -21.1152 0.0
91 1
1 -13 0 0 0 0 -0.566842 -3.21367 -1.78183 3.71955 0.105658 133.395 141.55 240.238 0.0
92 1
1 -13 0 0 0 0 0.901154 -11.7563 -1.52296 11.8892 0.105658 160.309 141.55 59.8724 0.0
93 1
1 -13 0 0 0 0 -0.490741 -1.65278 -2.01203 2.65178 0.105658 166.639 141.55 120.83 0.0
94 1
1 -13 0 0 0 0 -1.19387 -2.304 -0.208094 2.60542 0.105658 -42.3402 141.55 33.1186 0.0
95 1
1 -13 0 0 0 0 -2.64219 -6.67162 1.9059 7.42531 0.105658 268.648 141.55 58.1461 0.0
96 1
1 -13 0 0 0 0 0.145939 -0.544931 -0.621677 0.846105 0.105658 130.678 141.55 285.246 0.0
97 1
1 -13 0 0 0 0 2.16349 -3.84639 -0.12379 4.41609 0.105658 219.302 141.55 129.511 0.0
98 1
1 -13 0 0 0 0 -1.48882 -2.56691 3.51939 4.60466 0.105658 178.66 141.55 -201.116 0.0
99 1
1 -13 0 0 0 0 0.00804444 -0.14659 0.126814 0.220904 0.105658 122.117 141.55 57.0856 0.0
100 1
1 -13 0 0 0 0 0.920135 -10.4365 1.65077 10.6068 0.105658 103.549 141.55 129.414 0.0
